1141627  2    -1
1141729  1    -1
1141729  2    -1
1141859  2    -1
2547399  1    -1
2547399  2    -1
6361188  5    1
6442217  2    1
6442218  3    1
7225020  2    1
13901534  2    1
20677957  5    1
25627771  5    1
29538347  2    1
29538349  1    1
33061036  5    1
35559895  2    -1
36522424  5    1
41233344  2    1
41233346  1    1
41233554  2    1
46622404  2    -1
46622404  3    -1
50131680  5    -1
50252483  5    -1
52141021  5    1
52141023  4    1
52342374  2    1
53219720  5    1
58358349  5    -1
60764331  2    -1
61913880  2    -1
64457337  2    1
64457338  3    1
65127530  5    -1
66435295  1    -1
66435295  2    -1
66554137  5    1
66554139  4    1
73085940  5    -1
76089718  4    -1
76089718  5    -1
77730747  2    -1
77730747  3    -1
88752959  2    -1
89139552  2    1
89490561  5    1
89490563  4    1
98782508  5    1
98827671  5    -1
102862292  5    1
104217322  4    -1
104217322  5    -1
104719066  5    1
109266049  2    1
112138407  2    1
117936160  5    1
144265701  2    -1
147925933  5    1
148288995  4    -1
148288995  5    -1
148561921  2    -1
154425106  5    -1
155592354  1    -1
155592354  2    -1
157425830  5    -1
159118032  2    1
159118033  3    1
159367365  5    1
160258292  5    1
161030142  2    -1
161030142  3    -1
162995552  2    1
162995553  3    1
167070930  5    -1
171105209  2    -1
171105209  3    -1
171352942  5    1
171642060  5    1
175936247  5    1
190048932  2    -1
191868685  5    1
191869761  5    1
194668118  5    1
195032172  5    1
197483769  5    1
201867869  5    -1
206100297  5    -1
206126982  5    -1
207897697  5    1
207897699  4    1
209843815  5    -1
214667439  4    -1
214667439  5    -1
215772721  5    -1
216173061  5    -1
216494481  5    -1
218670719  5    1
221586561  5    -1
