963369  3    -1
4639177  2    -1
5706966  1    -1
6325839  4    1
14729123  1    -1
15081891  2    1
15199017  2    -1
16700453  4    1
17688135  2    1
23336911  4    -1
23819904  4    -1
23887343  4    -1
24881185  3    1
26293641  5    1
26341298  2    -1
27108262  2    -1
27269984  2    1
27613241  3    1
28468309  2    1
28793800  2    -1
29445742  4    1
29573183  4    -1
33569727  4    -1
34907009  2    -1
35116569  3    -1
35839090  2    1
36476687  2    -1
38887914  3    1
39160118  2    -1
42888850  2    1
43828754  2    1
44761769  1    1
44893145  3    1
47116721  1    1
48054738  3    1
48515628  3    1
48871172  1    -1
50115399  3    1
51895452  3    -1
51900513  2    1
52035050  3    1
52111212  1    -1
53838444  2    -1
55877691  2    1
57265827  4    1
58045050  2    -1
58451284  2    -1
60886670  3    1
61733797  3    -1
62453796  3    1
63130417  3    -1
64594950  4    1
67622453  2    -1
70568284  2    1
70980159  2    1
72334760  3    -1
72574786  2    1
73794386  3    1
77167815  2    -1
79838071  3    1
82570247  5    1
83604307  3    -1
84689756  3    -1
85016406  3    -1
85313376  4    1
85599460  2    -1
86753230  3    -1
86965334  3    -1
87148038  2    -1
87677838  2    1
87738924  3    1
87846890  2    1
88261556  2    1
90456133  1    1
90881934  3    1
91649841  2    1
92780249  3    1
92817735  4    -1
94319191  2    -1
96426236  2    1
99179009  2    -1
104373802  2    -1
105182588  3    1
105768631  2    -1
107309740  3    1
110959666  1    -1
111278383  3    -1
111308844  5    -1
113678097  3    -1
115077674  5    1
116948766  3    -1
118719425  1    1
120785174  3    -1
123954288  3    -1
125880759  2    1
128080738  5    1
129491060  4    1
129820961  5    -1
131306778  2    1
133956748  3    -1
134329201  4    1
136926339  2    1
137071395  3    1
138989969  2    -1
139458241  2    1
140825881  3    1
141199695  4    -1
141725070  1    1
142604137  2    1
143441300  2    1
143486957  3    1
149022922  2    -1
150608927  2    1
153186632  2    -1
154185873  3    1
155173084  4    -1
156674148  2    1
158636293  3    1
158674370  2    -1
159219657  2    -1
159478166  3    1
159650068  3    1
159668750  2    1
161169201  5    -1
161270889  2    -1
162826278  3    1
164090867  3    -1
166878506  2    -1
167357549  2    -1
168800895  2    -1
173701685  1    -1
174280547  5    -1
178000576  3    1
178230220  3    1
178293799  4    -1
180140655  2    -1
181298901  3    -1
183624857  1    1
184444760  2    -1
184943699  2    1
185387090  3    1
186547593  2    1
187874082  3    1
191006932  2    -1
191129278  2    1
191805596  2    1
192322037  2    1
193318729  2    1
193764042  3    1
195952977  1    1
196160135  2    -1
196268701  4    1
197173645  2    1
198116728  2    -1
198122243  3    -1
198308622  2    -1
199036157  3    1
199690461  4    -1
199813134  2    1
199899123  4    1
200144095  2    1
206276088  2    -1
207796163  2    1
208492899  3    -1
209237456  1    -1
209304021  2    -1
209864717  2    1
211070301  2    1
212421606  2    1
213615313  3    -1
213857602  3    -1
214000286  2    1
216552904  3    1
219083157  3    -1
219165334  2    1
220340237  2    1
220639389  1    -1
220772700  3    1
222154845  2    1
223006493  4    -1
