715688  2    1
803712  2    1
803713  1    -1
803713  2    1
803714  1    -1
803714  2    1
803715  1    -1
803715  2    1
803716  1    -1
803716  2    1
810561  2    -1
810562  1    1
810562  2    -1
825455  2    -1
825456  1    1
825456  2    -1
825457  1    1
825457  2    -1
825458  1    1
825458  2    -1
1032785  2    1
1032786  1    -1
1032786  2    1
1032787  1    -1
1032787  2    1
1032788  1    -1
1032788  2    1
1078187  2    1
1118649  2    1
1219103  3    1
1219104  3    1
1219104  4    -1
1219105  3    1
1219105  4    -1
1219106  3    1
1219106  4    -1
1219107  3    1
1219107  4    -1
1348269  2    -1
1348270  1    1
1348270  2    -1
1372866  2    1
1372867  1    -1
1372867  2    1
1372868  1    -1
1372868  2    1
1453477  3    -1
1453478  3    -1
1453478  4    1
1453479  3    -1
1453479  4    1
1680680  2    -1
1680681  1    1
1680681  2    -1
1680682  1    1
1680682  2    -1
2157000  2    -1
2157001  1    1
2157001  2    -1
2484246  2    -1
2516830  2    -1
2516831  1    1
2516831  2    -1
2516832  1    1
2516832  2    -1
2516833  1    1
2516833  2    -1
2678619  2    -1
2678620  1    1
2678620  2    -1
2678621  1    1
2678621  2    -1
2734202  2    -1
2734203  1    1
2734203  2    -1
3096525  2    1
3096526  1    -1
3096526  2    1
3096527  1    -1
3096527  2    1
3096528  1    -1
3096528  2    1
3096529  1    -1
3096529  2    1
3285112  2    -1
3305291  2    1
3305292  1    -1
3305292  2    1
3305293  1    -1
3305293  2    1
3305294  1    -1
3305294  2    1
3305295  1    -1
3305295  2    1
3606904  2    1
3606905  1    -1
3606905  2    1
3606906  1    -1
3606906  2    1
3606907  1    -1
3606907  2    1
3606908  1    -1
3606908  2    1
3606909  1    -1
3606909  2    1
3606910  1    -1
3606910  2    1
3732088  2    -1
3732089  1    1
3732089  2    -1
3825913  2    1
3974195  2    1
3974196  1    -1
3974196  2    1
3974197  1    -1
3974197  2    1
4030014  2    -1
5218717  2    1
5218718  1    -1
5218718  2    1
5218719  1    -1
5218719  2    1
5656131  2    -1
5960448  2    1
5960449  1    -1
5960449  2    1
5960450  1    -1
5960450  2    1
6663343  2    1
6663344  1    -1
6663344  2    1
6663345  1    -1
6663345  2    1
6663346  1    -1
6663346  2    1
6663347  1    -1
6663347  2    1
6930504  2    1
7035211  2    -1
7035212  1    1
7035212  2    -1
7035213  1    1
7035213  2    -1
7035214  1    1
7035214  2    -1
7035215  1    1
7035215  2    -1
7035216  1    1
7035216  2    -1
7035217  1    1
7035217  2    -1
7193715  2    -1
7193716  1    1
7193716  2    -1
7193717  1    1
7193717  2    -1
7193718  1    1
7193718  2    -1
7398146  2    1
7398147  1    -1
7398147  2    1
7398148  1    -1
7398148  2    1
7658941  2    -1
7658942  1    1
7658942  2    -1
7718445  2    -1
7718446  1    1
7718446  2    -1
7718447  1    1
7718447  2    -1
7737777  3    1
7737778  3    1
7737778  4    -1
8050707  2    1
8050708  1    -1
8050708  2    1
8050709  1    -1
8050709  2    1
8201103  2    -1
8201104  1    1
8201104  2    -1
8395044  2    -1
9025296  2    1
9632171  2    -1
9632172  1    1
9632172  2    -1
9632173  1    1
9632173  2    -1
9632174  1    1
9632174  2    -1
9632175  1    1
9632175  2    -1
10237410  2    1
10268392  2    1
10268393  1    -1
10268393  2    1
10268394  1    -1
10268394  2    1
10268395  1    -1
10268395  2    1
10395649  2    1
10395650  1    -1
10395650  2    1
10395651  1    -1
10395651  2    1
10492396  2    1
10492397  1    -1
10492397  2    1
10524739  3    -1
10524740  3    -1
10524740  4    1
12924249  2    -1
12924250  1    1
12924250  2    -1
12924251  1    1
12924251  2    -1
12924252  1    1
12924252  2    -1
12924253  1    1
12924253  2    -1
12924254  1    1
12924254  2    -1
12924255  1    1
12924255  2    -1
13095043  2    -1
13095044  1    1
13095044  2    -1
13095045  1    1
13095045  2    -1
13095046  1    1
13095046  2    -1
13095047  1    1
13095047  2    -1
13095048  1    1
13095048  2    -1
13095049  1    1
13095049  2    -1
14131875  2    -1
14131876  1    1
14131876  2    -1
14131877  1    1
14131877  2    -1
14184539  3    -1
14184540  3    -1
14184540  4    1
14978329  2    1
14978330  1    -1
14978330  2    1
14978331  1    -1
14978331  2    1
14978332  1    -1
14978332  2    1
14978333  1    -1
14978333  2    1
15418956  2    -1
15418957  1    1
15418957  2    -1
15418958  1    1
15418958  2    -1
15418959  1    1
15418959  2    -1
15418960  1    1
15418960  2    -1
15810439  2    -1
15810440  1    1
15810440  2    -1
15828887  2    1
15828888  1    -1
15828888  2    1
15828889  1    -1
15828889  2    1
16099943  2    1
16696774  2    1
18244560  2    -1
18244561  1    1
18244561  2    -1
18244562  1    1
18244562  2    -1
18244563  1    1
18244563  2    -1
18244564  1    1
18244564  2    -1
18244565  1    1
18244565  2    -1
19679551  2    1
19679552  1    -1
19679552  2    1
19968911  2    1
20446811  2    -1
20446812  1    1
20446812  2    -1
20532828  2    -1
20532829  1    1
20532829  2    -1
20532830  1    1
20532830  2    -1
21350563  2    -1
21350564  1    1
21350564  2    -1
21350565  1    1
21350565  2    -1
21350566  1    1
21350566  2    -1
21771464  3    1
21932340  2    1
22437165  2    1
22437166  1    -1
22437166  2    1
22833981  2    1
22833982  1    -1
22833982  2    1
22833983  1    -1
22833983  2    1
22833984  1    -1
22833984  2    1
22934725  2    -1
22945159  3    -1
22945160  3    -1
22945160  4    1
22945161  3    -1
22945161  4    1
22945162  3    -1
22945162  4    1
22945163  3    -1
22945163  4    1
23233302  2    -1
23233303  1    1
23233303  2    -1
23247854  2    1
23247855  1    -1
23247855  2    1
23247856  1    -1
23247856  2    1
23247857  1    -1
23247857  2    1
23247858  1    -1
23247858  2    1
23247859  1    -1
23247859  2    1
23903936  2    -1
24316322  2    1
24316323  1    -1
24316323  2    1
24316324  1    -1
24316324  2    1
24316325  1    -1
24316325  2    1
24316326  1    -1
24316326  2    1
24316327  1    -1
24316327  2    1
24316328  1    -1
24316328  2    1
24316329  1    -1
24316329  2    1
24316330  1    -1
24316330  2    1
24359985  2    1
24359986  1    -1
24359986  2    1
24359987  1    -1
24359987  2    1
24390088  2    -1
24390089  1    1
24390089  2    -1
24424323  2    -1
24424324  1    1
24424324  2    -1
24424325  1    1
24424325  2    -1
24424326  1    1
24424326  2    -1
24424327  1    1
24424327  2    -1
24424328  1    1
24424328  2    -1
24424329  1    1
24424329  2    -1
24550329  2    1
24550330  1    -1
24550330  2    1
24550331  1    -1
24550331  2    1
24550332  1    -1
24550332  2    1
24550333  1    -1
24550333  2    1
24550334  1    -1
24550334  2    1
24550335  1    -1
24550335  2    1
24586482  2    1
24586483  1    -1
24586483  2    1
24806869  2    -1
24806870  1    1
24806870  2    -1
25392087  2    -1
25474003  2    -1
25521147  2    1
25521148  1    -1
25521148  2    1
26023332  2    -1
26710080  2    -1
26710081  1    1
26710081  2    -1
26710082  1    1
26710082  2    -1
26710083  1    1
26710083  2    -1
26710084  1    1
26710084  2    -1
26710085  1    1
26710085  2    -1
26710086  1    1
26710086  2    -1
27319509  2    1
27739605  2    -1
27739606  1    1
27739606  2    -1
28250407  3    1
28344752  2    -1
28344753  1    1
28344753  2    -1
28344754  1    1
28344754  2    -1
28462248  2    1
28522218  2    -1
28522219  1    1
28522219  2    -1
28522220  1    1
28522220  2    -1
28651991  2    1
28651992  1    -1
28651992  2    1
29419069  2    1
29419070  1    -1
29419070  2    1
30606162  2    1
30606163  1    -1
30606163  2    1
30606164  1    -1
30606164  2    1
30777622  2    -1
30777623  1    1
30777623  2    -1
30777624  1    1
30777624  2    -1
30777625  1    1
30777625  2    -1
30777626  1    1
30777626  2    -1
30777627  1    1
30777627  2    -1
31368287  2    1
32319076  2    1
32319077  1    -1
32319077  2    1
32462083  2    1
33214889  2    1
33214890  1    -1
33214890  2    1
33448190  2    1
33448191  1    -1
33448191  2    1
33893382  2    1
33893383  1    -1
33893383  2    1
34909447  2    1
34909448  1    -1
34909448  2    1
34909449  1    -1
34909449  2    1
34909450  1    -1
34909450  2    1
35562443  2    -1
36520122  2    1
37251758  2    1
37251759  1    -1
37251759  2    1
37251760  1    -1
37251760  2    1
37390876  2    -1
37663059  2    1
37663060  1    -1
37663060  2    1
37663061  1    -1
37663061  2    1
38268341  3    -1
39667010  2    1
39667011  1    -1
39667011  2    1
39667012  1    -1
39667012  2    1
39667013  1    -1
39667013  2    1
39667014  1    -1
39667014  2    1
39667015  1    -1
39667015  2    1
39667016  1    -1
39667016  2    1
39667017  1    -1
39667017  2    1
39906753  2    1
39906754  1    -1
39906754  2    1
39906755  1    -1
39906755  2    1
39906756  1    -1
39906756  2    1
39906757  1    -1
39906757  2    1
39906758  1    -1
39906758  2    1
40049714  2    1
40374175  2    -1
40374176  1    1
40374176  2    -1
42406292  2    1
42414856  2    -1
42414857  1    1
42414857  2    -1
42484657  2    1
42484658  1    -1
42484658  2    1
42484659  1    -1
42484659  2    1
42484660  1    -1
42484660  2    1
42484661  1    -1
42484661  2    1
42484662  1    -1
42484662  2    1
43449526  2    1
43716140  2    -1
43716141  1    1
43716141  2    -1
43716142  1    1
43716142  2    -1
43716143  1    1
43716143  2    -1
44444481  2    -1
44798222  2    1
44798223  1    -1
44798223  2    1
44928905  2    -1
44928906  1    1
44928906  2    -1
45335138  2    1
45335139  1    -1
45335139  2    1
45908590  2    -1
46230705  2    1
46230706  1    -1
46230706  2    1
46290971  3    -1
46290972  3    -1
46290972  4    1
46290973  3    -1
46290973  4    1
46290974  3    -1
46290974  4    1
46290975  3    -1
46290975  4    1
47217212  2    -1
47217213  1    1
47217213  2    -1
47413600  2    -1
47413601  1    1
47413601  2    -1
48088313  2    1
48088314  1    -1
48088314  2    1
48219423  2    -1
48547084  2    1
48647994  2    -1
48840159  2    1
48840160  1    -1
48840160  2    1
50135660  2    -1
50942182  2    1
50942183  1    -1
50942183  2    1
51012537  2    1
51969437  2    1
51969438  1    -1
51969438  2    1
51969439  1    -1
51969439  2    1
51969440  1    -1
51969440  2    1
52410757  2    -1
52410758  1    1
52410758  2    -1
52410759  1    1
52410759  2    -1
52410760  1    1
52410760  2    -1
52410761  1    1
52410761  2    -1
52468660  2    -1
54053932  2    -1
54053933  1    1
54053933  2    -1
54110493  2    -1
54218887  2    -1
54218888  1    1
54218888  2    -1
54218889  1    1
54218889  2    -1
54218890  1    1
54218890  2    -1
54334278  2    1
56766913  2    -1
60625822  3    1
60625823  3    1
60625823  4    -1
61112227  2    1
61112228  1    -1
61112228  2    1
61112229  1    -1
61112229  2    1
61630921  3    -1
61630922  3    -1
61630922  4    1
61630923  3    -1
61630923  4    1
61630924  3    -1
61630924  4    1
61630925  3    -1
61630925  4    1
61630926  3    -1
61630926  4    1
61630927  3    -1
61630927  4    1
61630928  3    -1
61630928  4    1
61630929  3    -1
61630929  4    1
61630930  3    -1
61630930  4    1
61630931  3    -1
61630931  4    1
61630932  3    -1
61630932  4    1
61630933  3    -1
61630933  4    1
61630934  3    -1
61630934  4    1
61630935  3    -1
61630935  4    1
61630936  3    -1
61630936  4    1
61630937  3    -1
61630937  4    1
61630938  3    -1
61630938  4    1
61630939  3    -1
61630939  4    1
61630940  3    -1
61630940  4    1
62218936  2    -1
62218937  1    1
62218937  2    -1
63332736  2    1
63332737  1    -1
63332737  2    1
64026976  2    -1
66760586  2    1
66760587  1    -1
66760587  2    1
66760588  1    -1
66760588  2    1
67937552  2    -1
67937553  1    1
67937553  2    -1
67937554  1    1
67937554  2    -1
67937555  1    1
67937555  2    -1
74206337  3    -1
74206338  3    -1
74206338  4    1
74206339  3    -1
74206339  4    1
74206340  3    -1
74206340  4    1
74206341  3    -1
74206341  4    1
74206342  3    -1
74206342  4    1
74206343  3    -1
74206343  4    1
74438293  2    -1
74438294  1    1
74438294  2    -1
74438295  1    1
74438295  2    -1
74438296  1    1
74438296  2    -1
74438297  1    1
74438297  2    -1
74438298  1    1
74438298  2    -1
74438299  1    1
74438299  2    -1
74987333  2    1
74987334  1    -1
74987334  2    1
74987335  1    -1
74987335  2    1
74987336  1    -1
74987336  2    1
75769203  2    -1
77375769  2    1
77454476  2    1
77454477  1    -1
77454477  2    1
77693728  2    1
81167627  2    -1
83567040  2    1
87036758  2    1
87036759  1    -1
87036759  2    1
87036760  1    -1
87036760  2    1
87036761  1    -1
87036761  2    1
87036762  1    -1
87036762  2    1
88441297  2    1
88441298  1    -1
88441298  2    1
88441299  1    -1
88441299  2    1
89084917  2    -1
90542458  2    1
91581353  2    -1
92147013  2    1
93694177  2    -1
93694178  1    1
93694178  2    -1
94929401  2    -1
94929402  1    1
94929402  2    -1
96076283  2    1
96909230  2    1
97429861  2    -1
97429862  1    1
97429862  2    -1
97429863  1    1
97429863  2    -1
97429864  1    1
97429864  2    -1
98970712  2    1
99576978  2    1
99576979  1    -1
99576979  2    1
101014798  2    -1
101014799  1    1
101014799  2    -1
105202910  3    1
105440435  3    1
105440436  3    1
105440436  4    -1
105440437  3    1
105440437  4    -1
109216426  2    -1
109216427  1    1
109216427  2    -1
109216428  1    1
109216428  2    -1
110190711  3    1
110190712  3    1
110190712  4    -1
110190713  3    1
110190713  4    -1
110190714  3    1
110190714  4    -1
110190715  3    1
110190715  4    -1
110190716  3    1
110190716  4    -1
110190717  3    1
110190717  4    -1
110190718  3    1
110190718  4    -1
116152401  2    1
116152402  1    -1
116152402  2    1
118406531  2    -1
118734247  2    1
118734248  1    -1
118734248  2    1
120272651  3    1
120684775  2    1
120684776  1    -1
120684776  2    1
120684777  1    -1
120684777  2    1
120981574  2    -1
122662443  2    1
122662444  1    -1
122662444  2    1
122662445  1    -1
122662445  2    1
122662446  1    -1
122662446  2    1
122662447  1    -1
122662447  2    1
122662448  1    -1
122662448  2    1
122662449  1    -1
122662449  2    1
122662450  1    -1
122662450  2    1
122662451  1    -1
122662451  2    1
122662570  2    1
123888211  2    -1
125131388  2    -1
125345160  2    1
125864308  2    1
125864309  1    -1
125864309  2    1
125864310  1    -1
125864310  2    1
125864311  1    -1
125864311  2    1
125864312  1    -1
125864312  2    1
125864313  1    -1
125864313  2    1
125864314  1    -1
125864314  2    1
125864315  1    -1
125864315  2    1
125864316  1    -1
125864316  2    1
125864317  1    -1
125864317  2    1
125864318  1    -1
125864318  2    1
126104342  2    1
126104343  1    -1
126104343  2    1
126104344  1    -1
126104344  2    1
126104345  1    -1
126104345  2    1
126104346  1    -1
126104346  2    1
126104347  1    -1
126104347  2    1
126369079  2    -1
126369080  1    1
126369080  2    -1
126369081  1    1
126369081  2    -1
126621297  2    1
126621298  1    -1
126621298  2    1
126621299  1    -1
126621299  2    1
126621300  1    -1
126621300  2    1
128163465  2    -1
128163466  1    1
128163466  2    -1
128163467  1    1
128163467  2    -1
128238796  3    1
128238797  3    1
128238797  4    -1
128238798  3    1
128238798  4    -1
128238799  3    1
128238799  4    -1
129809348  2    1
129809349  1    -1
129809349  2    1
130751657  3    -1
131246637  2    -1
131615595  2    1
131615596  1    -1
131615596  2    1
131950435  2    1
132179802  2    -1
132808334  2    1
132808335  1    -1
132808335  2    1
132808336  1    -1
132808336  2    1
132808337  1    -1
132808337  2    1
132808338  1    -1
132808338  2    1
132808339  1    -1
132808339  2    1
132808340  1    -1
132808340  2    1
133307054  2    1
133307055  1    -1
133307055  2    1
133540637  2    -1
133540638  1    1
133540638  2    -1
133540639  1    1
133540639  2    -1
134574482  2    -1
134574483  1    1
134574483  2    -1
136084993  2    1
137965896  2    -1
137965897  1    1
137965897  2    -1
137965898  1    1
137965898  2    -1
138010986  2    1
138010987  1    -1
138010987  2    1
138025777  2    1
138025778  1    -1
138025778  2    1
138039054  2    1
138039055  1    -1
138039055  2    1
138288023  2    -1
138288024  1    1
138288024  2    -1
138288025  1    1
138288025  2    -1
139066025  2    1
139066026  1    -1
139066026  2    1
139631657  2    1
139631658  1    -1
139631658  2    1
139631659  1    -1
139631659  2    1
139631660  1    -1
139631660  2    1
139631661  1    -1
139631661  2    1
139631662  1    -1
139631662  2    1
139631663  1    -1
139631663  2    1
141177546  2    -1
141177547  1    1
141177547  2    -1
141234096  2    1
141234097  1    -1
141234097  2    1
141234098  1    -1
141234098  2    1
141234099  1    -1
141234099  2    1
142508161  2    1
142716285  2    -1
142716286  1    1
142716286  2    -1
143532861  2    1
143532862  1    -1
143532862  2    1
143812625  2    1
143812626  1    -1
143812626  2    1
143902919  3    1
143902920  3    1
143902920  4    -1
143902921  3    1
143902921  4    -1
143902922  3    1
143902922  4    -1
143902923  3    1
143902923  4    -1
144659086  2    -1
144730822  2    -1
144730823  1    1
144730823  2    -1
144730824  1    1
144730824  2    -1
144908257  2    1
144908258  1    -1
144908258  2    1
146109538  2    1
149802155  2    -1
149802156  1    1
149802156  2    -1
149802157  1    1
149802157  2    -1
150249213  2    1
150249214  1    -1
150249214  2    1
150249215  1    -1
150249215  2    1
152569025  2    -1
155418967  2    1
155418968  1    -1
155418968  2    1
155642728  2    -1
155642729  1    1
155642729  2    -1
155642730  1    1
155642730  2    -1
155642731  1    1
155642731  2    -1
155642732  1    1
155642732  2    -1
155642733  1    1
155642733  2    -1
155642734  1    1
155642734  2    -1
156877310  2    1
157268057  2    -1
157268058  1    1
157268058  2    -1
157582292  2    1
158497483  2    1
158497484  1    -1
158497484  2    1
158497485  1    -1
158497485  2    1
159715810  3    1
160272523  2    1
160582789  2    -1
162869279  2    -1
163386816  3    1
163386817  3    1
163386817  4    -1
165043614  2    1
165043615  1    -1
165043615  2    1
166389905  2    -1
169355048  3    1
169355049  3    1
169355049  4    -1
169355050  3    1
169355050  4    -1
169764337  2    1
169764338  1    -1
169764338  2    1
170441267  2    -1
170441268  1    1
170441268  2    -1
170508146  2    -1
170822453  2    1
170822454  1    -1
170822454  2    1
170822455  1    -1
170822455  2    1
170822456  1    -1
170822456  2    1
170822457  1    -1
170822457  2    1
170982825  2    -1
173913967  2    1
173913984  2    1
173913985  1    -1
173913985  2    1
174477938  2    -1
174477939  1    1
174477939  2    -1
174477940  1    1
174477940  2    -1
177047012  2    -1
177047013  1    1
177047013  2    -1
177047014  1    1
177047014  2    -1
177047015  1    1
177047015  2    -1
177047016  1    1
177047016  2    -1
177047017  1    1
177047017  2    -1
177047018  1    1
177047018  2    -1
177047019  1    1
177047019  2    -1
177047020  1    1
177047020  2    -1
177047021  1    1
177047021  2    -1
177047022  1    1
177047022  2    -1
177047023  1    1
177047023  2    -1
177047024  1    1
177047024  2    -1
177047025  1    1
177047025  2    -1
177047026  1    1
177047026  2    -1
177047027  1    1
177047027  2    -1
177987187  2    1
177987188  1    -1
177987188  2    1
179189007  2    -1
179189008  1    1
179189008  2    -1
179526491  2    -1
179526492  1    1
179526492  2    -1
179526493  1    1
179526493  2    -1
179526494  1    1
179526494  2    -1
180689127  2    -1
180689128  1    1
180689128  2    -1
180689129  1    1
180689129  2    -1
180689130  1    1
180689130  2    -1
180689131  1    1
180689131  2    -1
180971192  2    -1
180971193  1    1
180971193  2    -1
180971194  1    1
180971194  2    -1
180971195  1    1
180971195  2    -1
180971196  1    1
180971196  2    -1
180971197  1    1
180971197  2    -1
180971198  1    1
180971198  2    -1
180971199  1    1
180971199  2    -1
180971200  1    1
180971200  2    -1
180971201  1    1
180971201  2    -1
180971202  1    1
180971202  2    -1
180971203  1    1
180971203  2    -1
180971204  1    1
180971204  2    -1
180971205  1    1
180971205  2    -1
180971206  1    1
180971206  2    -1
180971207  1    1
180971207  2    -1
181041249  2    -1
181041250  1    1
181041250  2    -1
181041251  1    1
181041251  2    -1
181041252  1    1
181041252  2    -1
181041253  1    1
181041253  2    -1
181041254  1    1
181041254  2    -1
181788685  2    -1
181788686  1    1
181788686  2    -1
182016707  2    -1
182016708  1    1
182016708  2    -1
184713116  2    -1
185594484  2    -1
185728303  2    1
185728304  1    -1
185728304  2    1
185728305  1    -1
185728305  2    1
185728306  1    -1
185728306  2    1
186405717  2    1
186405718  1    -1
186405718  2    1
186749331  2    -1
186774477  2    1
186774478  1    -1
186774478  2    1
186774479  1    -1
186774479  2    1
186774480  1    -1
186774480  2    1
186774481  1    -1
186774481  2    1
186774482  1    -1
186774482  2    1
186774483  1    -1
186774483  2    1
186774484  1    -1
186774484  2    1
186774485  1    -1
186774485  2    1
188762401  2    1
189072729  2    -1
189072730  1    1
189072730  2    -1
190029830  3    1
190029831  3    1
190029831  4    -1
190029832  3    1
190029832  4    -1
190029833  3    1
190029833  4    -1
190029834  3    1
190029834  4    -1
190928390  2    1
190928391  1    -1
190928391  2    1
190928392  1    -1
190928392  2    1
190928393  1    -1
190928393  2    1
192031840  2    1
192031841  1    -1
192031841  2    1
192031842  1    -1
192031842  2    1
192031843  1    -1
192031843  2    1
193380226  3    1
193514558  2    -1
194524423  2    1
194524424  1    -1
194524424  2    1
194524425  1    -1
194524425  2    1
194952470  2    1
195796176  2    1
196385568  3    1
196385569  3    1
196385569  4    -1
196385570  3    1
196385570  4    -1
196385571  3    1
196385571  4    -1
196385572  3    1
196385572  4    -1
196385573  3    1
196385573  4    -1
196677086  2    -1
196865504  2    1
196865505  1    -1
196865505  2    1
196865506  1    -1
196865506  2    1
196865507  1    -1
196865507  2    1
196865508  1    -1
196865508  2    1
197107803  2    1
197107804  1    -1
197107804  2    1
198924532  3    -1
198924533  3    -1
198924533  4    1
199164325  2    -1
200633346  2    1
202021114  2    -1
202021115  1    1
202021115  2    -1
202021116  1    1
202021116  2    -1
202021117  1    1
202021117  2    -1
202021118  1    1
202021118  2    -1
202021119  1    1
202021119  2    -1
202285096  2    -1
202285097  1    1
202285097  2    -1
202352222  2    1
202657573  2    -1
202657574  1    1
202657574  2    -1
202770767  2    -1
202770768  1    1
202770768  2    -1
202975914  2    -1
202975915  1    1
202975915  2    -1
203384994  2    1
203384995  1    -1
203384995  2    1
203499427  2    1
203499428  1    -1
203499428  2    1
203987151  2    -1
204021568  2    1
204141047  2    -1
204141048  1    1
204141048  2    -1
204636620  2    -1
205224260  2    1
205224261  1    -1
205224261  2    1
206211344  2    1
207247807  2    -1
207247808  1    1
207247808  2    -1
207247809  1    1
207247809  2    -1
207247810  1    1
207247810  2    -1
207247811  1    1
207247811  2    -1
207936164  2    1
210805522  2    -1
210805523  1    1
210805523  2    -1
210986928  2    -1
210986929  1    1
210986929  2    -1
210986930  1    1
210986930  2    -1
213213381  2    1
213213382  1    -1
213213382  2    1
213213383  1    -1
213213383  2    1
213213384  1    -1
213213384  2    1
213213385  1    -1
213213385  2    1
213213386  1    -1
213213386  2    1
213213387  1    -1
213213387  2    1
213213388  1    -1
213213388  2    1
213213389  1    -1
213213389  2    1
213213390  1    -1
213213390  2    1
213601594  2    1
213601595  1    -1
213601595  2    1
213601596  1    -1
213601596  2    1
213601597  1    -1
213601597  2    1
213601598  1    -1
213601598  2    1
213601599  1    -1
213601599  2    1
214186663  2    1
214667909  2    -1
215273213  2    -1
215340646  2    1
215340647  1    -1
215340647  2    1
215340648  1    -1
215340648  2    1
217320880  2    -1
217320881  1    1
217320881  2    -1
218485506  2    -1
218485507  1    1
218485507  2    -1
218485508  1    1
218485508  2    -1
218485509  1    1
218485509  2    -1
219648010  2    1
219648011  1    -1
219648011  2    1
219827236  2    -1
219827237  1    1
219827237  2    -1
219827238  1    1
219827238  2    -1
219827239  1    1
219827239  2    -1
219827240  1    1
219827240  2    -1
219827241  1    1
219827241  2    -1
220271993  2    1
220544263  2    -1
221054529  2    1
221054530  1    -1
221054530  2    1
221054531  1    -1
221054531  2    1
221054532  1    -1
221054532  2    1
221054533  1    -1
221054533  2    1
221054534  1    -1
221054534  2    1
221054535  1    -1
221054535  2    1
221054536  1    -1
221054536  2    1
222869652  2    1
222869653  1    -1
222869653  2    1
223700895  2    1
223700896  1    -1
223700896  2    1
223700897  1    -1
223700897  2    1
223700898  1    -1
223700898  2    1
225018347  2    -1
225201331  3    -1
225201332  3    -1
225201332  4    1
225201333  3    -1
225201333  4    1
225201334  3    -1
225201334  4    1
225201335  3    -1
225201335  4    1
