5430595  3    1
5430598  4    1
5430599  1    1
5430599  2    1
5430599  3    1
5430602  4    1
5430603  1    1
5430603  2    1
5430603  3    1
5430606  4    1
5430607  1    1
5430607  2    1
5430607  3    1
5430610  4    1
5430611  1    1
5430611  2    1
5430611  3    1
9691654  4    1
9691655  2    1
9691655  3    1
9691658  4    1
19760486  3    1
24635092  4    1
24635093  1    1
24635093  2    1
24635093  3    1
24635096  4    1
24635097  1    1
24635097  2    1
24635097  3    1
24635100  4    1
27187118  4    -1
33199403  4    1
33199404  1    1
33199404  2    1
33199404  3    1
33199407  4    1
35177909  4    -1
36703663  3    -1
36703664  2    -1
36703664  4    -1
36703665  1    -1
36703667  3    -1
36703668  2    -1
36703668  4    -1
36703669  1    -1
39121616  4    -1
44912045  3    -1
44912046  2    -1
44912046  4    -1
44912047  1    -1
49292335  3    -1
49292336  2    -1
49292336  4    -1
49292337  1    -1
59921303  4    -1
66089721  4    1
78697738  4    1
79205060  4    -1
83365871  3    -1
119922713  3    -1
119922714  2    -1
119922714  4    -1
119922715  1    -1
121459407  4    1
121459408  1    1
121459408  2    1
121459408  3    1
134074695  4    1
141996470  4    1
141996471  2    1
141996471  3    1
144928253  3    -1
148098791  3    -1
159472400  3    1
160993533  4    1
160993534  1    1
160993534  2    1
160993534  3    1
170089891  3    1
182522232  3    -1
182522233  2    -1
182522233  4    -1
182522234  1    -1
185939821  4    1
186306521  4    -1
186306524  3    -1
186306525  2    -1
186306525  4    -1
186306526  1    -1
189144756  4    1
208154976  3    -1
208791479  3    1
208791556  3    1
208791668  3    1
208791708  3    1
208791784  3    1
208791824  3    1
209749742  4    1
220348784  3    1
222807567  4    1
